# This file uses centimeters as units for non-parametric coordinates.

v 0.000000 29.641524 0.000000
v 26.842342 14.952850 -10.076484
v 16.365686 7.267966 -18.458298
v 16.365686 15.652012 -18.458298
v 24.746281 15.652012 -0.293914
v 28.240867 7.267966 -0.293914
v 20.556592 7.267966 -19.854589
v 17.063223 15.652012 -22.651436
v 24.746281 7.267966 -0.293914
v 26.143691 7.267966 -11.472676
v 28.240867 15.652012 -0.293914
v 23.348975 15.652012 -16.361729
v 16.365686 7.267966 -22.651436
v 28.240867 14.253588 -5.185199
v 22.650320 14.952850 -17.760152
v 17.761878 12.855977 -22.651436
v 24.047628 10.064002 -15.663684
v 27.540997 8.666389 -7.281769
v 26.143691 14.952850 -12.170821
v 16.365686 15.652012 -22.651436
v 26.842342 15.652012 -9.378339
v 23.348975 7.267966 -16.361729
v 28.240867 7.267966 -1.692337
v 17.063223 7.267966 -22.651436
v 19.857939 15.652012 -20.554867
v 27.540997 12.855977 -7.979915
v 28.240867 14.952850 -5.185199
v 0.000000 29.641524 0.000000
v 15.663380 7.267966 -19.158067
v 5.185909 14.952850 -28.239954
v 6.584231 15.652012 -27.541199
v 0.293914 15.652012 -24.746281
v 0.293914 7.267966 -28.239954
v 16.363351 15.652012 -19.158067
v 16.363351 7.267966 -23.351410
v 0.293914 7.267966 -24.746281
v 16.363351 15.652012 -23.351410
v 11.471457 7.267966 -26.143691
v 0.293914 15.652012 -28.239954
v 12.169908 14.952850 -26.143691
v 7.281058 8.666389 -27.541199
v 15.663380 15.652012 -19.158067
v 16.363351 7.267966 -19.158067
v 15.663380 10.064002 -24.047526
v 1.692337 7.267966 -28.239954
v 7.979509 12.855977 -27.541199
v 11.471457 15.652012 -26.143691
v 0.000000 29.641524 0.000000
v -20.665085 8.666389 -19.856722
v 0.293914 15.652012 -28.240867
v 0.293914 15.652012 -25.445036
v 0.293914 7.267966 -28.240867
v -17.870471 7.267966 -17.062107
v -22.063509 15.652012 -17.062107
v -10.186702 14.952850 -26.842342
v -10.884849 7.267966 -26.144299
v -0.406364 7.267966 -24.745774
v -17.870471 15.652012 -17.062107
v -16.471946 15.652012 -23.349583
v -22.063509 7.267966 -17.062107
v -5.295417 14.253588 -28.240867
v -16.471946 7.267966 -23.349583
v -22.063509 14.952850 -18.459414
v -0.406364 15.652012 -24.745774
v -6.693840 7.267966 -27.540489
v -17.870471 14.952850 -22.651436
v -15.773901 10.761640 -24.047729
v -6.693840 15.652012 -27.540489
v -11.582893 8.666389 -26.144299
v 0.293914 7.267966 -25.445036
v -22.063509 7.267966 -17.761268
v -1.802656 7.267966 -28.240867
v -8.092264 13.556051 -27.540489
v -15.773901 14.952850 -24.047729
v 0.000000 29.641524 0.000000
v -24.158353 12.158440 -15.662262
v -28.350679 7.967228 -0.295537
v -28.350679 14.952850 -0.295537
v -18.570241 7.267966 -16.361322
v -24.857209 15.652012 -0.295537
v -18.570241 15.652012 -17.060483
v -24.857209 7.267966 -0.295537
v -26.254008 7.267966 -10.771992
v -27.651722 15.652012 -6.584029
v -22.763482 7.267966 -17.060483
v -22.763482 15.652012 -17.060483
v -26.952865 14.952850 -10.074556
v -27.651722 7.267966 -6.584029
v -28.350679 13.556051 -3.789313
v -18.570241 15.652012 -16.361322
v -18.570241 7.267966 -17.060483
v -26.254008 9.364028 -11.471051
v -27.651722 15.652012 -0.295537
v -27.651722 7.267966 -0.295537
v -24.158353 14.952850 -15.662262
v -24.158353 7.267966 -14.964826
v -26.254008 15.652012 -10.771992
v -27.651722 11.459989 -7.281464
v 0.000000 29.641524 0.000000
v 28.240867 14.952850 5.295417
v 17.062107 7.267966 22.063509
v 17.761268 7.267966 22.063509
v 25.445036 7.267966 -0.293914
v 17.062107 15.652012 17.870471
v 24.745774 15.652012 0.406364
v 26.144299 7.267966 10.884849
v 23.349583 15.652012 16.471946
v 28.240867 7.267966 -0.293914
v 17.062107 7.267966 17.870471
v 17.761268 15.652012 22.063509
v 28.240867 15.652012 -0.293914
v 23.349583 7.267966 16.471946
v 26.842342 14.952850 10.186702
v 22.651436 14.253588 17.870471
v 27.540489 7.267966 6.693840
v 24.745774 7.267966 0.406364
v 19.856722 8.666389 20.665085
v 18.459414 14.952850 22.063509
v 17.062107 15.652012 22.063509
v 24.047729 10.761640 15.773901
v 27.540489 15.652012 6.693840
v 26.144299 8.666389 11.582893
v 25.445036 15.652012 -0.293914
v 28.240867 7.267966 1.802656
v 24.047729 14.952850 15.773901
v 27.540489 13.556051 8.092264
v 0.000000 29.641524 0.000000
v 0.994698 7.967228 28.350679
v 17.060483 15.652012 18.570241
v 17.060483 7.267966 18.570241
v 15.662262 14.952850 24.158353
v 0.295537 15.652012 24.857209
v 17.060483 7.267966 22.763482
v 0.295537 7.267966 24.857209
v 6.584029 15.652012 27.651722
v 10.771992 7.267966 26.254008
v 0.295537 14.952850 28.350679
v 17.060483 15.652012 22.763482
v 16.361322 15.652012 18.570241
v 6.584029 7.267966 27.651722
v 10.074556 14.952850 26.952865
v 3.789313 14.952850 28.350679
v 16.361322 7.267966 18.570241
v 0.295537 7.267966 27.651722
v 11.471051 9.364028 26.254008
v 0.295537 15.652012 27.651722
v 16.361322 7.967228 23.460409
v 7.281464 11.459989 27.651722
v 10.771992 15.652012 26.254008
v 0.000000 29.641524 0.000000
v -8.788279 7.267966 26.952865
v -16.473570 15.652012 18.570241
v -16.473570 7.267966 18.570241
v 0.293914 15.652012 24.857209
v -15.774308 14.952850 24.158353
v 0.293914 7.267966 24.857209
v 0.293914 15.652012 28.350679
v -17.172832 7.267966 22.763482
v 0.293914 7.267966 28.350679
v -6.695464 15.652012 27.651722
v -17.172832 15.652012 22.763482
v -11.580254 10.761640 26.254008
v -3.898312 13.556051 28.350679
v -17.172832 7.267966 18.570241
v -6.695464 7.967228 27.651722
v -17.172832 15.652012 18.570241
v -7.393103 14.952850 27.651722
v -15.076668 7.267966 24.158353
v -11.580254 14.952850 26.254008
v -7.393103 11.459989 27.651722
v -15.774308 12.855977 24.158353
v -10.882717 7.267966 26.254008
v -10.882717 15.652012 26.254008
v 0.000000 29.641524 0.000000
v -19.967547 10.064002 20.665085
v -28.351593 13.556051 3.899226
v -28.351593 14.952850 3.899226
v -24.857717 15.652012 -0.293914
v -24.857717 7.267966 -0.293914
v -17.172832 15.652012 17.870471
v -26.255024 7.267966 10.884849
v -17.172832 7.267966 17.870471
v -24.159571 15.652012 15.075754
v -28.351593 7.267966 -0.293914
v -17.172832 15.652012 22.063509
v -17.872095 7.267966 22.063509
v -28.351593 15.652012 -0.293914
v -22.762263 7.267966 17.172324
v -26.255024 14.952850 11.582893
v -22.064117 14.952850 18.568516
v -27.651317 7.967228 6.693840
v -24.159571 12.855977 15.773901
v -18.570241 14.952850 22.063509
v -17.172832 7.267966 22.063509
v -27.651317 15.652012 6.693840
v -27.651317 11.459989 7.391986
v -26.255024 10.761640 11.582893
v -24.159571 7.267966 15.075754
v -24.159571 14.952850 15.773901
v -22.762263 15.652012 17.172324
v -27.651317 14.952850 7.391986
v 0.000000 29.641524 0.000000
v -8.783712 6.565862 26.947182
v 0.992872 7.267966 -28.238127
v 6.584130 7.267966 -27.532371
v 0.292594 -4.607115 -21.246214
v 26.137297 -0.414382 10.184267
v -22.756479 -3.908563 6.688360
v -26.241426 7.267966 -10.774834
v 27.537851 7.267966 -6.584130
v 5.183575 -4.607115 20.661126
v 19.150861 -3.908563 -14.265361
v 14.960158 7.267966 24.151552
v -19.260572 -0.414382 -20.545936
v -24.151552 7.267966 15.069767
v -11.573860 -0.414382 25.552108
v 7.284407 -0.414382 26.947182
v 15.660435 -0.414382 -23.341566
v -27.652941 -0.414382 -3.793981
v -17.159740 -4.607115 -12.870286
v 18.456065 -4.607115 10.884544
v -4.587527 -0.414382 -27.532371
v -15.064287 7.267966 -24.041843
v 26.837573 -0.414382 -7.979204
v 26.137297 7.267966 10.884544
v 19.150861 -0.414382 20.661126
v 23.347047 7.267966 -16.360714
v -24.151552 -0.414382 14.374969
v -13.669211 -4.607115 16.470322
v -27.652941 7.267966 5.993563
v 21.246214 -4.607115 -0.292594
v 5.883853 7.267966 27.652941
v -9.478508 -3.908563 -21.946491
v 4.488778 -0.414382 -27.532371
vn 0.970048 0.000000 -0.242912
vn 0.970048 0.000000 -0.242912
vn 0.970048 0.000000 -0.242912
vn -0.908027 0.000000 0.418912
vn -0.908027 0.000000 0.418912
vn -0.908027 0.000000 0.418912
vn 0.000000 -1.000000 0.000000
vn 0.000000 -1.000000 0.000000
vn 0.000000 -1.000000 0.000000
vn 0.000000 1.000000 0.000000
vn 0.000000 1.000000 0.000000
vn 0.000000 1.000000 0.000000
vn -0.908027 0.000000 0.418912
vn -0.908027 0.000000 0.418912
vn -0.908027 0.000000 0.418912
vn 0.000000 0.000000 1.000000
vn 0.000000 0.000000 1.000000
vn 0.000000 0.000000 1.000000
vn 0.000000 -1.000000 0.000000
vn 0.000000 -1.000000 0.000000
vn 0.000000 -1.000000 0.000000
vn 0.000000 -1.000000 0.000000
vn 0.000000 -1.000000 0.000000
vn 0.000000 -1.000000 0.000000
vn 0.000000 0.000000 1.000000
vn 0.000000 0.000000 1.000000
vn 0.000000 0.000000 1.000000
vn 0.000000 1.000000 0.000000
vn 0.000000 1.000000 0.000000
vn 0.000000 1.000000 0.000000
vn 0.000000 1.000000 0.000000
vn 0.000000 1.000000 0.000000
vn 0.000000 1.000000 0.000000
vn -1.000000 0.000000 0.000000
vn -1.000000 0.000000 0.000000
vn -1.000000 0.000000 0.000000
vn 0.000000 -1.000000 0.000000
vn 0.000000 -1.000000 0.000000
vn 0.000000 -1.000000 0.000000
vn 1.000000 0.000000 0.000000
vn 1.000000 0.000000 0.000000
vn 1.000000 0.000000 0.000000
vn 0.000000 0.000000 -1.000000
vn 0.000000 0.000000 -1.000000
vn 0.000000 0.000000 -1.000000
vn 0.829439 0.208010 -0.518424
vn 0.829439 0.208010 -0.518424
vn 0.829439 0.208010 -0.518424
vn 0.881899 -0.042700 -0.469500
vn 0.881899 -0.042700 -0.469500
vn 0.881899 -0.042700 -0.469500
vn 0.847918 0.015100 -0.529912
vn 0.847918 0.015100 -0.529912
vn 0.847918 0.015100 -0.529912
vn 0.000000 1.000000 0.000000
vn 0.000000 1.000000 0.000000
vn 0.000000 1.000000 0.000000
vn -1.000000 0.000000 0.000000
vn -1.000000 0.000000 0.000000
vn -1.000000 0.000000 0.000000
vn 0.000000 0.000000 -1.000000
vn 0.000000 0.000000 -1.000000
vn 0.000000 0.000000 -1.000000
vn 0.000000 1.000000 0.000000
vn 0.000000 1.000000 0.000000
vn 0.000000 1.000000 0.000000
vn 0.904534 0.301311 -0.301711
vn 0.904534 0.301311 -0.301711
vn 0.904534 0.301311 -0.301711
vn 0.666978 0.666178 -0.333689
vn 0.666978 0.666178 -0.333689
vn 0.666978 0.666178 -0.333689
vn 0.000000 -1.000000 0.000000
vn 0.000000 -1.000000 0.000000
vn 0.000000 -1.000000 0.000000
vn 0.780365 -0.042598 -0.623872
vn 0.780365 -0.042598 -0.623872
vn 0.780365 -0.042598 -0.623872
vn 0.864445 -0.092605 -0.494125
vn 0.864445 -0.092605 -0.494125
vn 0.864445 -0.092605 -0.494125
vn 0.784212 -0.041401 -0.619110
vn 0.784212 -0.041401 -0.619110
vn 0.784212 -0.041401 -0.619110
vn 0.000000 -1.000000 0.000000
vn 0.000000 -1.000000 0.000000
vn 0.000000 -1.000000 0.000000
vn 1.000000 0.000000 0.000000
vn 1.000000 0.000000 0.000000
vn 1.000000 0.000000 0.000000
vn 0.923272 -0.329190 -0.197994
vn 0.923272 -0.329190 -0.197994
vn 0.923272 -0.329190 -0.197994
vn 0.987438 -0.070703 -0.141305
vn 0.987438 -0.070703 -0.141305
vn 0.987438 -0.070703 -0.141305
vn 0.000000 -1.000000 0.000000
vn 0.000000 -1.000000 0.000000
vn 0.000000 -1.000000 0.000000
vn 0.623077 -0.077897 -0.778272
vn 0.623077 -0.077897 -0.778272
vn 0.623077 -0.077897 -0.778272
vn 0.000000 0.000000 -1.000000
vn 0.000000 0.000000 -1.000000
vn 0.000000 0.000000 -1.000000
vn 0.000000 1.000000 0.000000
vn 0.000000 1.000000 0.000000
vn 0.000000 1.000000 0.000000
vn 0.707407 -0.000100 -0.706807
vn 0.707407 -0.000100 -0.706807
vn 0.707407 -0.000100 -0.706807
vn 0.684097 0.455598 -0.569598
vn 0.684097 0.455598 -0.569598
vn 0.684097 0.455598 -0.569598
vn 0.707307 -0.000100 -0.706907
vn 0.707307 -0.000100 -0.706907
vn 0.707307 -0.000100 -0.706907
vn 0.593478 0.148294 -0.791071
vn 0.593478 0.148294 -0.791071
vn 0.593478 0.148294 -0.791071
vn 0.952373 -0.050099 -0.300792
vn 0.952373 -0.050099 -0.300792
vn 0.952373 -0.050099 -0.300792
vn 0.973613 -0.037501 -0.225103
vn 0.973613 -0.037501 -0.225103
vn 0.973613 -0.037501 -0.225103
vn 0.948623 -0.000300 -0.316408
vn 0.948623 -0.000300 -0.316408
vn 0.948623 -0.000300 -0.316408
vn 0.943642 -0.029901 -0.329615
vn 0.943642 -0.029901 -0.329615
vn 0.943642 -0.029901 -0.329615
vn 1.000000 0.000000 0.000000
vn 1.000000 0.000000 0.000000
vn 1.000000 0.000000 0.000000
vn 0.676724 0.728826 -0.104204
vn 0.676724 0.728826 -0.104204
vn 0.676724 0.728826 -0.104204
vn 0.927180 0.264694 -0.265094
vn 0.927180 0.264694 -0.265094
vn 0.927180 0.264694 -0.265094
vn 0.960487 0.045399 -0.274596
vn 0.960487 0.045399 -0.274596
vn 0.960487 0.045399 -0.274596
vn 0.444195 0.443795 -0.778291
vn 0.444195 0.443795 -0.778291
vn 0.444195 0.443795 -0.778291
vn 0.000000 1.000000 0.000000
vn 0.000000 1.000000 0.000000
vn 0.000000 1.000000 0.000000
vn 0.000000 -1.000000 0.000000
vn 0.000000 -1.000000 0.000000
vn 0.000000 -1.000000 0.000000
vn -0.341703 0.000000 0.939808
vn -0.341703 0.000000 0.939808
vn -0.341703 0.000000 0.939808
vn 0.000000 -1.000000 0.000000
vn 0.000000 -1.000000 0.000000
vn 0.000000 -1.000000 0.000000
vn -1.000000 0.000000 0.000000
vn -1.000000 0.000000 0.000000
vn -1.000000 0.000000 0.000000
vn 0.000000 1.000000 0.000000
vn 0.000000 1.000000 0.000000
vn 0.000000 1.000000 0.000000
vn 1.000000 0.000000 0.000000
vn 1.000000 0.000000 0.000000
vn 1.000000 0.000000 0.000000
vn 0.000000 -1.000000 0.000000
vn 0.000000 -1.000000 0.000000
vn 0.000000 -1.000000 0.000000
vn 0.087404 0.611328 -0.786536
vn 0.087404 0.611328 -0.786536
vn 0.087404 0.611328 -0.786536
vn 0.000000 1.000000 0.000000
vn 0.000000 1.000000 0.000000
vn 0.000000 1.000000 0.000000
vn -1.000000 0.000000 0.000000
vn -1.000000 0.000000 0.000000
vn -1.000000 0.000000 0.000000
vn 0.000000 0.000000 -1.000000
vn 0.000000 0.000000 -1.000000
vn 0.000000 0.000000 -1.000000
vn -0.341703 0.000000 0.939808
vn -0.341703 0.000000 0.939808
vn -0.341703 0.000000 0.939808
vn 0.000000 0.000000 1.000000
vn 0.000000 0.000000 1.000000
vn 0.000000 0.000000 1.000000
vn 0.000000 1.000000 0.000000
vn 0.000000 1.000000 0.000000
vn 0.000000 1.000000 0.000000
vn 0.000000 0.000000 1.000000
vn 0.000000 0.000000 1.000000
vn 0.000000 0.000000 1.000000
vn 0.000000 -1.000000 0.000000
vn 0.000000 -1.000000 0.000000
vn 0.000000 -1.000000 0.000000
vn 1.000000 0.000000 0.000000
vn 1.000000 0.000000 0.000000
vn 1.000000 0.000000 0.000000
vn 0.705154 0.000000 -0.709054
vn 0.705154 0.000000 -0.709054
vn 0.705154 0.000000 -0.709054
vn 0.493618 -0.091703 -0.864831
vn 0.493618 -0.091703 -0.864831
vn 0.493618 -0.091703 -0.864831
vn 0.549827 0.035102 -0.834541
vn 0.549827 0.035102 -0.834541
vn 0.549827 0.035102 -0.834541
vn 0.469500 -0.042700 -0.881899
vn 0.469500 -0.042700 -0.881899
vn 0.469500 -0.042700 -0.881899
vn 0.000000 0.000000 -1.000000
vn 0.000000 0.000000 -1.000000
vn 0.000000 0.000000 -1.000000
vn 0.000000 -1.000000 0.000000
vn 0.000000 -1.000000 0.000000
vn 0.000000 -1.000000 0.000000
vn 0.197890 -0.329584 -0.923154
vn 0.197890 -0.329584 -0.923154
vn 0.197890 -0.329584 -0.923154
vn 0.139401 -0.063400 -0.988204
vn 0.139401 -0.063400 -0.988204
vn 0.139401 -0.063400 -0.988204
vn 0.286911 0.063702 -0.955837
vn 0.286911 0.063702 -0.955837
vn 0.286911 0.063702 -0.955837
vn 0.329703 -0.030000 -0.943608
vn 0.329703 -0.030000 -0.943608
vn 0.329703 -0.030000 -0.943608
vn 0.300910 -0.050202 -0.952330
vn 0.300910 -0.050202 -0.952330
vn 0.300910 -0.050202 -0.952330
vn 0.216905 -0.036201 -0.975521
vn 0.216905 -0.036201 -0.975521
vn 0.216905 -0.036201 -0.975521
vn 0.254290 0.380186 -0.889267
vn 0.254290 0.380186 -0.889267
vn 0.254290 0.380186 -0.889267
vn 0.000000 1.000000 0.000000
vn 0.000000 1.000000 0.000000
vn 0.000000 1.000000 0.000000
vn 0.276297 0.275997 -0.920590
vn 0.276297 0.275997 -0.920590
vn 0.276297 0.275997 -0.920590
vn -0.447414 0.000000 -0.894327
vn -0.447414 0.000000 -0.894327
vn -0.447414 0.000000 -0.894327
vn 1.000000 0.000000 0.000000
vn 1.000000 0.000000 0.000000
vn 1.000000 0.000000 0.000000
vn 0.000000 1.000000 0.000000
vn 0.000000 1.000000 0.000000
vn 0.000000 1.000000 0.000000
vn 0.000000 -1.000000 0.000000
vn 0.000000 -1.000000 0.000000
vn 0.000000 -1.000000 0.000000
vn 0.000000 -1.000000 0.000000
vn 0.000000 -1.000000 0.000000
vn 0.000000 -1.000000 0.000000
vn 0.402712 0.000000 0.915327
vn 0.402712 0.000000 0.915327
vn 0.402712 0.000000 0.915327
vn 0.000000 1.000000 0.000000
vn 0.000000 1.000000 0.000000
vn 0.000000 1.000000 0.000000
vn 0.000000 0.000000 1.000000
vn 0.000000 0.000000 1.000000
vn 0.000000 0.000000 1.000000
vn 0.000000 1.000000 0.000000
vn 0.000000 1.000000 0.000000
vn 0.000000 1.000000 0.000000
vn 0.000000 0.000000 1.000000
vn 0.000000 0.000000 1.000000
vn 0.000000 0.000000 1.000000
vn 0.000000 -1.000000 0.000000
vn 0.000000 -1.000000 0.000000
vn 0.000000 -1.000000 0.000000
vn 0.000000 0.000000 -1.000000
vn 0.000000 0.000000 -1.000000
vn 0.000000 0.000000 -1.000000
vn 0.000000 -1.000000 0.000000
vn 0.000000 -1.000000 0.000000
vn 0.000000 -1.000000 0.000000
vn -0.449488 0.798879 -0.399690
vn -0.449488 0.798879 -0.399690
vn -0.449488 0.798879 -0.399690
vn -1.000000 0.000000 0.000000
vn -1.000000 0.000000 0.000000
vn -1.000000 0.000000 0.000000
vn 0.706607 0.000000 0.707607
vn 0.706607 0.000000 0.707607
vn 0.706607 0.000000 0.707607
vn 0.402712 0.000000 0.915327
vn 0.402712 0.000000 0.915327
vn 0.402712 0.000000 0.915327
vn 0.000000 1.000000 0.000000
vn 0.000000 1.000000 0.000000
vn 0.000000 1.000000 0.000000
vn 0.000000 -1.000000 0.000000
vn 0.000000 -1.000000 0.000000
vn 0.000000 -1.000000 0.000000
vn -0.648894 -0.049100 -0.759293
vn -0.648894 -0.049100 -0.759293
vn -0.648894 -0.049100 -0.759293
vn -0.576984 0.577883 -0.577183
vn -0.576984 0.577883 -0.577183
vn -0.576984 0.577883 -0.577183
vn -0.707007 -0.000100 -0.707207
vn -0.707007 -0.000100 -0.707207
vn -0.707007 -0.000100 -0.707207
vn -0.605297 -0.037900 -0.795097
vn -0.605297 -0.037900 -0.795097
vn -0.605297 -0.037900 -0.795097
vn 0.000000 1.000000 0.000000
vn 0.000000 1.000000 0.000000
vn 0.000000 1.000000 0.000000
vn -0.271701 0.724204 -0.633803
vn -0.271701 0.724204 -0.633803
vn -0.271701 0.724204 -0.633803
vn -0.092599 0.370295 -0.924287
vn -0.092599 0.370295 -0.924287
vn -0.092599 0.370295 -0.924287
vn -0.235708 0.236408 -0.942631
vn -0.235708 0.236408 -0.942631
vn -0.235708 0.236408 -0.942631
vn -0.436588 -0.217894 -0.872876
vn -0.436588 -0.217894 -0.872876
vn -0.436588 -0.217894 -0.872876
vn -0.312216 -0.155808 -0.937147
vn -0.312216 -0.155808 -0.937147
vn -0.312216 -0.155808 -0.937147
vn -0.477512 -0.079502 -0.875021
vn -0.477512 -0.079502 -0.875021
vn -0.477512 -0.079502 -0.875021
vn 1.000000 0.000000 0.000000
vn 1.000000 0.000000 0.000000
vn 1.000000 0.000000 0.000000
vn 0.706607 0.000000 0.707607
vn 0.706607 0.000000 0.707607
vn 0.706607 0.000000 0.707607
vn 0.000000 -1.000000 0.000000
vn 0.000000 -1.000000 0.000000
vn 0.000000 -1.000000 0.000000
vn -0.666600 -0.332800 -0.667000
vn -0.666600 -0.332800 -0.667000
vn -0.666600 -0.332800 -0.667000
vn 0.000000 -1.000000 0.000000
vn 0.000000 -1.000000 0.000000
vn 0.000000 -1.000000 0.000000
vn -0.814075 -0.052498 -0.578382
vn -0.814075 -0.052498 -0.578382
vn -0.814075 -0.052498 -0.578382
vn -1.000000 0.000000 0.000000
vn -1.000000 0.000000 0.000000
vn -1.000000 0.000000 0.000000
vn 0.000000 0.000000 -1.000000
vn 0.000000 0.000000 -1.000000
vn 0.000000 0.000000 -1.000000
vn 0.000000 -1.000000 0.000000
vn 0.000000 -1.000000 0.000000
vn 0.000000 -1.000000 0.000000
vn -0.141403 -0.070702 -0.987424
vn -0.141403 -0.070702 -0.987424
vn -0.141403 -0.070702 -0.987424
vn -0.262407 0.087002 -0.961027
vn -0.262407 0.087002 -0.961027
vn -0.262407 0.087002 -0.961027
vn -0.230504 -0.051301 -0.971718
vn -0.230504 -0.051301 -0.971718
vn -0.230504 -0.051301 -0.971718
vn -0.291101 -0.064700 -0.954502
vn -0.291101 -0.064700 -0.954502
vn -0.291101 -0.064700 -0.954502
vn -0.334204 -0.030400 -0.942010
vn -0.334204 -0.030400 -0.942010
vn -0.334204 -0.030400 -0.942010
vn -0.408482 0.407682 -0.816663
vn -0.408482 0.407682 -0.816663
vn -0.408482 0.407682 -0.816663
vn -0.534080 0.267590 -0.801969
vn -0.534080 0.267590 -0.801969
vn -0.534080 0.267590 -0.801969
vn -0.554308 0.000000 -0.832312
vn -0.554308 0.000000 -0.832312
vn -0.554308 0.000000 -0.832312
vn -0.447294 0.000000 -0.894387
vn -0.447294 0.000000 -0.894387
vn -0.447294 0.000000 -0.894387
vn -0.954558 -0.048898 -0.293987
vn -0.954558 -0.048898 -0.293987
vn -0.954558 -0.048898 -0.293987
vn 0.000000 0.000000 1.000000
vn 0.000000 0.000000 1.000000
vn 0.000000 0.000000 1.000000
vn 0.931237 0.000000 0.364414
vn 0.931237 0.000000 0.364414
vn 0.931237 0.000000 0.364414
vn 0.000000 0.000000 1.000000
vn 0.000000 0.000000 1.000000
vn 0.000000 0.000000 1.000000
vn 0.000000 -1.000000 0.000000
vn 0.000000 -1.000000 0.000000
vn 0.000000 -1.000000 0.000000
vn 0.000000 1.000000 0.000000
vn 0.000000 1.000000 0.000000
vn 0.000000 1.000000 0.000000
vn 0.000000 -1.000000 0.000000
vn 0.000000 -1.000000 0.000000
vn 0.000000 -1.000000 0.000000
vn 0.000000 1.000000 0.000000
vn 0.000000 1.000000 0.000000
vn 0.000000 1.000000 0.000000
vn -0.707956 0.000000 -0.706256
vn -0.707956 0.000000 -0.706256
vn -0.707956 0.000000 -0.706256
vn 0.000000 0.000000 -1.000000
vn 0.000000 0.000000 -1.000000
vn 0.000000 0.000000 -1.000000
vn 0.000000 -1.000000 0.000000
vn 0.000000 -1.000000 0.000000
vn 0.000000 -1.000000 0.000000
vn -1.000000 0.000000 0.000000
vn -1.000000 0.000000 0.000000
vn -1.000000 0.000000 0.000000
vn -0.973634 0.211807 -0.084703
vn -0.973634 0.211807 -0.084703
vn -0.973634 0.211807 -0.084703
vn -0.977226 0.051301 -0.205906
vn -0.977226 0.051301 -0.205906
vn -0.977226 0.051301 -0.205906
vn -0.992568 -0.064498 -0.103197
vn -0.992568 -0.064498 -0.103197
vn -0.992568 -0.064498 -0.103197
vn 0.931237 0.000000 0.364414
vn 0.931237 0.000000 0.364414
vn 0.931237 0.000000 0.364414
vn 1.000000 0.000000 0.000000
vn 1.000000 0.000000 0.000000
vn 1.000000 0.000000 0.000000
vn 0.000000 1.000000 0.000000
vn 0.000000 1.000000 0.000000
vn 0.000000 1.000000 0.000000
vn 1.000000 0.000000 0.000000
vn 1.000000 0.000000 0.000000
vn 1.000000 0.000000 0.000000
vn 0.000000 0.000000 -1.000000
vn 0.000000 0.000000 -1.000000
vn 0.000000 0.000000 -1.000000
vn 0.000000 -1.000000 0.000000
vn 0.000000 -1.000000 0.000000
vn 0.000000 -1.000000 0.000000
vn -0.894387 -0.000100 -0.447294
vn -0.894387 -0.000100 -0.447294
vn -0.894387 -0.000100 -0.447294
vn -0.943329 -0.105003 -0.314810
vn -0.943329 -0.105003 -0.314810
vn -0.943329 -0.105003 -0.314810
vn 0.000000 0.000000 1.000000
vn 0.000000 0.000000 1.000000
vn 0.000000 0.000000 1.000000
vn -0.707207 0.707007 0.000000
vn -0.707207 0.707007 0.000000
vn -0.707207 0.707007 0.000000
vn 0.000000 1.000000 0.000000
vn 0.000000 1.000000 0.000000
vn 0.000000 1.000000 0.000000
vn 0.000000 0.000000 1.000000
vn 0.000000 0.000000 1.000000
vn 0.000000 0.000000 1.000000
vn -0.707257 -0.706957 0.000000
vn -0.707257 -0.706957 0.000000
vn -0.707257 -0.706957 0.000000
vn 0.000000 -1.000000 0.000000
vn 0.000000 -1.000000 0.000000
vn 0.000000 -1.000000 0.000000
vn -0.707956 0.000000 -0.706256
vn -0.707956 0.000000 -0.706256
vn -0.707956 0.000000 -0.706256
vn -0.894387 0.000000 -0.447294
vn -0.894387 0.000000 -0.447294
vn -0.894387 0.000000 -0.447294
vn -0.829863 -0.078796 -0.552375
vn -0.829863 -0.078796 -0.552375
vn -0.829863 -0.078796 -0.552375
vn 0.000000 -1.000000 0.000000
vn 0.000000 -1.000000 0.000000
vn 0.000000 -1.000000 0.000000
vn -0.873192 -0.068799 -0.482496
vn -0.873192 -0.068799 -0.482496
vn -0.873192 -0.068799 -0.482496
vn -0.884704 -0.147501 -0.442202
vn -0.884704 -0.147501 -0.442202
vn -0.884704 -0.147501 -0.442202
vn 0.000000 1.000000 0.000000
vn 0.000000 1.000000 0.000000
vn 0.000000 1.000000 0.000000
vn -0.801691 0.534494 -0.267597
vn -0.801691 0.534494 -0.267597
vn -0.801691 0.534494 -0.267597
vn -0.691494 0.611994 -0.383796
vn -0.691494 0.611994 -0.383796
vn -0.691494 0.611994 -0.383796
vn -0.816297 0.408698 -0.408198
vn -0.816297 0.408698 -0.408198
vn -0.816297 0.408698 -0.408198
vn -0.977041 0.026401 -0.211409
vn -0.977041 0.026401 -0.211409
vn -0.977041 0.026401 -0.211409
vn -0.983398 -0.029800 -0.179000
vn -0.983398 -0.029800 -0.179000
vn -0.983398 -0.029800 -0.179000
vn -0.954225 -0.045501 -0.295608
vn -0.954225 -0.045501 -0.295608
vn -0.954225 -0.045501 -0.295608
vn 0.942010 -0.030400 0.334204
vn 0.942010 -0.030400 0.334204
vn 0.942010 -0.030400 0.334204
vn 0.000000 -1.000000 0.000000
vn 0.000000 -1.000000 0.000000
vn 0.000000 -1.000000 0.000000
vn 0.000000 -1.000000 0.000000
vn 0.000000 -1.000000 0.000000
vn 0.000000 -1.000000 0.000000
vn 0.000000 1.000000 0.000000
vn 0.000000 1.000000 0.000000
vn 0.000000 1.000000 0.000000
vn 0.000000 -1.000000 0.000000
vn 0.000000 -1.000000 0.000000
vn 0.000000 -1.000000 0.000000
vn 0.000000 -1.000000 0.000000
vn 0.000000 -1.000000 0.000000
vn 0.000000 -1.000000 0.000000
vn -1.000000 0.000000 0.000000
vn -1.000000 0.000000 0.000000
vn -1.000000 0.000000 0.000000
vn -0.915327 0.000000 -0.402712
vn -0.915327 0.000000 -0.402712
vn -0.915327 0.000000 -0.402712
vn 0.000000 0.000000 1.000000
vn 0.000000 0.000000 1.000000
vn 0.000000 0.000000 1.000000
vn 0.000000 1.000000 0.000000
vn 0.000000 1.000000 0.000000
vn 0.000000 1.000000 0.000000
vn 0.000000 1.000000 0.000000
vn 0.000000 1.000000 0.000000
vn 0.000000 1.000000 0.000000
vn 1.000000 0.000000 0.000000
vn 1.000000 0.000000 0.000000
vn 1.000000 0.000000 0.000000
vn 0.000000 0.000000 -1.000000
vn 0.000000 0.000000 -1.000000
vn 0.000000 0.000000 -1.000000
vn 0.000000 -1.000000 0.000000
vn 0.000000 -1.000000 0.000000
vn 0.000000 -1.000000 0.000000
vn 0.000000 -1.000000 0.000000
vn 0.000000 -1.000000 0.000000
vn 0.000000 -1.000000 0.000000
vn -0.707607 0.000000 -0.706607
vn -0.707607 0.000000 -0.706607
vn -0.707607 0.000000 -0.706607
vn 0.000000 -1.000000 0.000000
vn 0.000000 -1.000000 0.000000
vn 0.000000 -1.000000 0.000000
vn -0.915327 0.000000 -0.402712
vn -0.915327 0.000000 -0.402712
vn -0.915327 0.000000 -0.402712
vn 0.667000 -0.332800 0.666600
vn 0.667000 -0.332800 0.666600
vn 0.667000 -0.332800 0.666600
vn 0.758228 -0.054302 0.649724
vn 0.758228 -0.054302 0.649724
vn 0.758228 -0.054302 0.649724
vn 0.707207 -0.000100 0.707007
vn 0.707207 -0.000100 0.707007
vn 0.707207 -0.000100 0.707007
vn 0.000000 0.000000 1.000000
vn 0.000000 0.000000 1.000000
vn 0.000000 0.000000 1.000000
vn 0.577717 0.576917 0.577417
vn 0.577717 0.576917 0.577417
vn 0.577717 0.576917 0.577417
vn 0.699171 0.299988 0.648974
vn 0.699171 0.299988 0.648974
vn 0.699171 0.299988 0.648974
vn 0.578382 -0.052498 0.814075
vn 0.578382 -0.052498 0.814075
vn 0.578382 -0.052498 0.814075
vn -1.000000 0.000000 0.000000
vn -1.000000 0.000000 0.000000
vn -1.000000 0.000000 0.000000
vn 0.000000 0.000000 1.000000
vn 0.000000 0.000000 1.000000
vn 0.000000 0.000000 1.000000
vn 0.000000 1.000000 0.000000
vn 0.000000 1.000000 0.000000
vn 0.000000 1.000000 0.000000
vn 0.799596 -0.040100 0.599197
vn 0.799596 -0.040100 0.599197
vn 0.799596 -0.040100 0.599197
vn 0.778002 0.623401 0.078000
vn 0.778002 0.623401 0.078000
vn 0.778002 0.623401 0.078000
vn 0.000000 1.000000 0.000000
vn 0.000000 1.000000 0.000000
vn 0.000000 1.000000 0.000000
vn 0.633821 0.724224 0.271609
vn 0.633821 0.724224 0.271609
vn 0.633821 0.724224 0.271609
vn 0.888555 0.381981 0.254087
vn 0.888555 0.381981 0.254087
vn 0.888555 0.381981 0.254087
vn 0.872876 -0.217894 0.436588
vn 0.872876 -0.217894 0.436588
vn 0.872876 -0.217894 0.436588
vn 0.937147 -0.155808 0.312216
vn 0.937147 -0.155808 0.312216
vn 0.937147 -0.155808 0.312216
vn 0.875021 -0.079502 0.477512
vn 0.875021 -0.079502 0.477512
vn 0.875021 -0.079502 0.477512
vn -0.707607 0.000000 -0.706607
vn -0.707607 0.000000 -0.706607
vn -0.707607 0.000000 -0.706607
vn 0.000000 0.000000 -1.000000
vn 0.000000 0.000000 -1.000000
vn 0.000000 0.000000 -1.000000
vn 0.000000 1.000000 0.000000
vn 0.000000 1.000000 0.000000
vn 0.000000 1.000000 0.000000
vn 1.000000 0.000000 0.000000
vn 1.000000 0.000000 0.000000
vn 1.000000 0.000000 0.000000
vn 0.987849 -0.064297 0.141493
vn 0.987849 -0.064297 0.141493
vn 0.987849 -0.064297 0.141493
vn 0.000000 -1.000000 0.000000
vn 0.000000 -1.000000 0.000000
vn 0.000000 -1.000000 0.000000
vn 0.816663 0.407682 0.408482
vn 0.816663 0.407682 0.408482
vn 0.816663 0.407682 0.408482
vn 0.784588 0.196397 0.588091
vn 0.784588 0.196397 0.588091
vn 0.784588 0.196397 0.588091
vn 0.832312 0.000000 0.554308
vn 0.832312 0.000000 0.554308
vn 0.832312 0.000000 0.554308
vn 0.894387 0.000000 0.447294
vn 0.894387 0.000000 0.447294
vn 0.894387 0.000000 0.447294
vn 0.894327 0.000000 0.447414
vn 0.894327 0.000000 0.447414
vn 0.894327 0.000000 0.447414
vn 0.959221 0.068201 0.274306
vn 0.959221 0.068201 0.274306
vn 0.959221 0.068201 0.274306
vn 0.974370 -0.048799 0.219593
vn 0.974370 -0.048799 0.219593
vn 0.974370 -0.048799 0.219593
vn 0.954502 -0.064700 0.291101
vn 0.954502 -0.064700 0.291101
vn 0.954502 -0.064700 0.291101
vn 0.267597 0.534494 0.801691
vn 0.267597 0.534494 0.801691
vn 0.267597 0.534494 0.801691
vn 1.000000 0.000000 0.000000
vn 1.000000 0.000000 0.000000
vn 1.000000 0.000000 0.000000
vn 0.000000 -1.000000 0.000000
vn 0.000000 -1.000000 0.000000
vn 0.000000 -1.000000 0.000000
vn 0.000000 1.000000 0.000000
vn 0.000000 1.000000 0.000000
vn 0.000000 1.000000 0.000000
vn 0.000000 -1.000000 0.000000
vn 0.000000 -1.000000 0.000000
vn 0.000000 -1.000000 0.000000
vn -1.000000 0.000000 0.000000
vn -1.000000 0.000000 0.000000
vn -1.000000 0.000000 0.000000
vn 1.000000 0.000000 0.000000
vn 1.000000 0.000000 0.000000
vn 1.000000 0.000000 0.000000
vn 0.706256 0.000000 0.707956
vn 0.706256 0.000000 0.707956
vn 0.706256 0.000000 0.707956
vn 0.000000 1.000000 0.000000
vn 0.000000 1.000000 0.000000
vn 0.000000 1.000000 0.000000
vn 0.000000 0.000000 -1.000000
vn 0.000000 0.000000 -1.000000
vn 0.000000 0.000000 -1.000000
vn 0.000000 1.000000 0.000000
vn 0.000000 1.000000 0.000000
vn 0.000000 1.000000 0.000000
vn -0.364414 0.000000 -0.931237
vn -0.364414 0.000000 -0.931237
vn -0.364414 0.000000 -0.931237
vn 0.000000 -1.000000 0.000000
vn 0.000000 -1.000000 0.000000
vn 0.000000 -1.000000 0.000000
vn 0.215800 0.107500 0.970502
vn 0.215800 0.107500 0.970502
vn 0.215800 0.107500 0.970502
vn 0.000000 0.000000 1.000000
vn 0.000000 0.000000 1.000000
vn 0.000000 0.000000 1.000000
vn 0.000000 0.707007 0.707207
vn 0.000000 0.707007 0.707207
vn 0.000000 0.707007 0.707207
vn 0.118097 -0.047299 0.991875
vn 0.118097 -0.047299 0.991875
vn 0.118097 -0.047299 0.991875
vn 0.000000 -1.000000 0.000000
vn 0.000000 -1.000000 0.000000
vn 0.000000 -1.000000 0.000000
vn 0.000000 0.000000 -1.000000
vn 0.000000 0.000000 -1.000000
vn 0.000000 0.000000 -1.000000
vn -0.364414 0.000000 -0.931237
vn -0.364414 0.000000 -0.931237
vn -0.364414 0.000000 -0.931237
vn -0.671003 -0.067200 0.738403
vn -0.671003 -0.067200 0.738403
vn -0.671003 -0.067200 0.738403
vn -1.000000 0.000000 0.000000
vn -1.000000 0.000000 0.000000
vn -1.000000 0.000000 0.000000
vn 0.000000 -0.706957 0.707257
vn 0.000000 -0.706957 0.707257
vn 0.000000 -0.706957 0.707257
vn 0.000000 -1.000000 0.000000
vn 0.000000 -1.000000 0.000000
vn 0.000000 -1.000000 0.000000
vn 0.314810 -0.105003 0.943329
vn 0.314810 -0.105003 0.943329
vn 0.314810 -0.105003 0.943329
vn 0.447294 -0.000100 0.894387
vn 0.447294 -0.000100 0.894387
vn 0.447294 -0.000100 0.894387
vn 0.000000 1.000000 0.000000
vn 0.000000 1.000000 0.000000
vn 0.000000 1.000000 0.000000
vn -1.000000 0.000000 0.000000
vn -1.000000 0.000000 0.000000
vn -1.000000 0.000000 0.000000
vn 0.000000 0.707007 0.707207
vn 0.000000 0.707007 0.707207
vn 0.000000 0.707007 0.707207
vn 0.705906 -0.000100 0.708306
vn 0.705906 -0.000100 0.708306
vn 0.705906 -0.000100 0.708306
vn 0.452726 -0.360221 0.815647
vn 0.452726 -0.360221 0.815647
vn 0.452726 -0.360221 0.815647
vn 0.487372 -0.038398 0.872350
vn 0.487372 -0.038398 0.872350
vn 0.487372 -0.038398 0.872350
vn 0.457005 -0.152402 0.876310
vn 0.457005 -0.152402 0.876310
vn 0.457005 -0.152402 0.876310
vn 0.217006 0.021701 0.975929
vn 0.217006 0.021701 0.975929
vn 0.217006 0.021701 0.975929
vn 0.169100 -0.028100 0.985198
vn 0.169100 -0.028100 0.985198
vn 0.169100 -0.028100 0.985198
vn 0.293987 -0.048898 0.954558
vn 0.293987 -0.048898 0.954558
vn 0.293987 -0.048898 0.954558
vn 0.295608 -0.045501 0.954225
vn 0.295608 -0.045501 0.954225
vn 0.295608 -0.045501 0.954225
vn 0.383796 0.611994 0.691494
vn 0.383796 0.611994 0.691494
vn 0.383796 0.611994 0.691494
vn 0.000000 1.000000 0.000000
vn 0.000000 1.000000 0.000000
vn 0.000000 1.000000 0.000000
vn 0.408198 0.408698 0.816297
vn 0.408198 0.408698 0.816297
vn 0.408198 0.408698 0.816297
vn -0.408198 0.407298 0.816996
vn -0.408198 0.407298 0.816996
vn -0.408198 0.407298 0.816996
vn 0.351113 0.000000 -0.936333
vn 0.351113 0.000000 -0.936333
vn 0.351113 0.000000 -0.936333
vn 0.000000 -1.000000 0.000000
vn 0.000000 -1.000000 0.000000
vn 0.000000 -1.000000 0.000000
vn 0.351113 0.000000 -0.936333
vn 0.351113 0.000000 -0.936333
vn 0.351113 0.000000 -0.936333
vn 1.000000 0.000000 0.000000
vn 1.000000 0.000000 0.000000
vn 1.000000 0.000000 0.000000
vn 0.000000 1.000000 0.000000
vn 0.000000 1.000000 0.000000
vn 0.000000 1.000000 0.000000
vn 0.000000 -1.000000 0.000000
vn 0.000000 -1.000000 0.000000
vn 0.000000 -1.000000 0.000000
vn 0.000000 -1.000000 0.000000
vn 0.000000 -1.000000 0.000000
vn 0.000000 -1.000000 0.000000
vn 1.000000 0.000000 0.000000
vn 1.000000 0.000000 0.000000
vn 1.000000 0.000000 0.000000
vn 0.000000 1.000000 0.000000
vn 0.000000 1.000000 0.000000
vn 0.000000 1.000000 0.000000
vn 0.000000 1.000000 0.000000
vn 0.000000 1.000000 0.000000
vn 0.000000 1.000000 0.000000
vn -0.706206 0.000000 0.708006
vn -0.706206 0.000000 0.708006
vn -0.706206 0.000000 0.708006
vn 0.000000 0.000000 1.000000
vn 0.000000 0.000000 1.000000
vn 0.000000 0.000000 1.000000
vn -0.097600 0.195199 0.975895
vn -0.097600 0.195199 0.975895
vn -0.097600 0.195199 0.975895
vn 0.000000 0.000000 -1.000000
vn 0.000000 0.000000 -1.000000
vn 0.000000 0.000000 -1.000000
vn 0.000000 -1.000000 0.000000
vn 0.000000 -1.000000 0.000000
vn 0.000000 -1.000000 0.000000
vn -1.000000 0.000000 0.000000
vn -1.000000 0.000000 0.000000
vn -1.000000 0.000000 0.000000
vn -0.134299 -0.469996 0.872392
vn -0.134299 -0.469996 0.872392
vn -0.134299 -0.469996 0.872392
vn -0.106300 -0.070900 0.991803
vn -0.106300 -0.070900 0.991803
vn -0.106300 -0.070900 0.991803
vn 0.000000 1.000000 0.000000
vn 0.000000 1.000000 0.000000
vn 0.000000 1.000000 0.000000
vn 0.000000 0.000000 -1.000000
vn 0.000000 0.000000 -1.000000
vn 0.000000 0.000000 -1.000000
vn -1.000000 0.000000 0.000000
vn -1.000000 0.000000 0.000000
vn -1.000000 0.000000 0.000000
vn -0.140103 0.139803 0.980218
vn -0.140103 0.139803 0.980218
vn -0.140103 0.139803 0.980218
vn 0.000000 -1.000000 0.000000
vn 0.000000 -1.000000 0.000000
vn 0.000000 -1.000000 0.000000
vn -0.447014 0.000000 0.894527
vn -0.447014 0.000000 0.894527
vn -0.447014 0.000000 0.894527
vn -0.301893 0.301293 0.904479
vn -0.301893 0.301293 0.904479
vn -0.301893 0.301293 0.904479
vn -0.316618 0.000000 0.948553
vn -0.316618 0.000000 0.948553
vn -0.316618 0.000000 0.948553
vn -0.307712 -0.055902 0.949836
vn -0.307712 -0.055902 0.949836
vn -0.307712 -0.055902 0.949836
vn -0.298212 -0.059602 0.952637
vn -0.298212 -0.059602 0.952637
vn -0.298212 -0.059602 0.952637
vn -0.175703 -0.035101 0.983817
vn -0.175703 -0.035101 0.983817
vn -0.175703 -0.035101 0.983817
vn -0.316618 0.000000 0.948553
vn -0.316618 0.000000 0.948553
vn -0.316618 0.000000 0.948553
vn -0.196097 0.000000 0.980585
vn -0.196097 0.000000 0.980585
vn -0.196097 0.000000 0.980585
vn -0.706206 0.000000 0.708006
vn -0.706206 0.000000 0.708006
vn -0.706206 0.000000 0.708006
vn -0.447014 0.000000 0.894527
vn -0.447014 0.000000 0.894527
vn -0.447014 0.000000 0.894527
vn -0.552709 -0.069001 0.830513
vn -0.552709 -0.069001 0.830513
vn -0.552709 -0.069001 0.830513
vn -0.469494 -0.058599 0.880989
vn -0.469494 -0.058599 0.880989
vn -0.469494 -0.058599 0.880989
vn -0.315898 -0.063100 0.946693
vn -0.315898 -0.063100 0.946693
vn -0.315898 -0.063100 0.946693
vn 0.000000 -1.000000 0.000000
vn 0.000000 -1.000000 0.000000
vn 0.000000 -1.000000 0.000000
vn -0.445203 -0.088901 0.891006
vn -0.445203 -0.088901 0.891006
vn -0.445203 -0.088901 0.891006
vn 0.000000 1.000000 0.000000
vn 0.000000 1.000000 0.000000
vn 0.000000 1.000000 0.000000
vn -0.383711 0.612018 0.691520
vn -0.383711 0.612018 0.691520
vn -0.383711 0.612018 0.691520
vn -0.301902 0.301202 0.904507
vn -0.301902 0.301202 0.904507
vn -0.301902 0.301202 0.904507
vn -0.948723 0.000000 0.316108
vn -0.948723 0.000000 0.316108
vn -0.948723 0.000000 0.316108
vn 0.920987 0.000000 -0.389594
vn 0.920987 0.000000 -0.389594
vn 0.920987 0.000000 -0.389594
vn 0.000000 -1.000000 0.000000
vn 0.000000 -1.000000 0.000000
vn 0.000000 -1.000000 0.000000
vn 0.920987 0.000000 -0.389594
vn 0.920987 0.000000 -0.389594
vn 0.920987 0.000000 -0.389594
vn 0.000000 1.000000 0.000000
vn 0.000000 1.000000 0.000000
vn 0.000000 1.000000 0.000000
vn -1.000000 0.000000 0.000000
vn -1.000000 0.000000 0.000000
vn -1.000000 0.000000 0.000000
vn 0.000000 0.000000 -1.000000
vn 0.000000 0.000000 -1.000000
vn 0.000000 0.000000 -1.000000
vn 0.000000 -1.000000 0.000000
vn 0.000000 -1.000000 0.000000
vn 0.000000 -1.000000 0.000000
vn 1.000000 0.000000 0.000000
vn 1.000000 0.000000 0.000000
vn 1.000000 0.000000 0.000000
vn 0.000000 1.000000 0.000000
vn 0.000000 1.000000 0.000000
vn 0.000000 1.000000 0.000000
vn 0.000000 -1.000000 0.000000
vn 0.000000 -1.000000 0.000000
vn 0.000000 -1.000000 0.000000
vn 0.000000 1.000000 0.000000
vn 0.000000 1.000000 0.000000
vn 0.000000 1.000000 0.000000
vn -1.000000 0.000000 0.000000
vn -1.000000 0.000000 0.000000
vn -1.000000 0.000000 0.000000
vn 0.000000 0.000000 -1.000000
vn 0.000000 0.000000 -1.000000
vn 0.000000 0.000000 -1.000000
vn -0.696408 -0.173702 0.696308
vn -0.696408 -0.173702 0.696308
vn -0.696408 -0.173702 0.696308
vn 0.000000 -1.000000 0.000000
vn 0.000000 -1.000000 0.000000
vn 0.000000 -1.000000 0.000000
vn -0.760603 -0.048500 0.647403
vn -0.760603 -0.048500 0.647403
vn -0.760603 -0.048500 0.647403
vn -0.991775 -0.070998 0.106497
vn -0.991775 -0.070998 0.106497
vn -0.991775 -0.070998 0.106497
vn -0.745993 -0.651094 0.139899
vn -0.745993 -0.651094 0.139899
vn -0.745993 -0.651094 0.139899
vn -0.784306 -0.041200 0.619005
vn -0.784306 -0.041200 0.619005
vn -0.784306 -0.041200 0.619005
vn -0.603884 -0.054899 0.795179
vn -0.603884 -0.054899 0.795179
vn -0.603884 -0.054899 0.795179
vn 0.000000 0.000000 1.000000
vn 0.000000 0.000000 1.000000
vn 0.000000 0.000000 1.000000
vn -0.707207 -0.000100 0.707007
vn -0.707207 -0.000100 0.707007
vn -0.707207 -0.000100 0.707007
vn 1.000000 0.000000 0.000000
vn 1.000000 0.000000 0.000000
vn 1.000000 0.000000 0.000000
vn 0.000000 -1.000000 0.000000
vn 0.000000 -1.000000 0.000000
vn 0.000000 -1.000000 0.000000
vn 0.000000 0.000000 1.000000
vn 0.000000 0.000000 1.000000
vn 0.000000 0.000000 1.000000
vn -0.853949 0.513269 0.085595
vn -0.853949 0.513269 0.085595
vn -0.853949 0.513269 0.085595
vn 0.000000 1.000000 0.000000
vn 0.000000 1.000000 0.000000
vn 0.000000 1.000000 0.000000
vn -0.704875 0.645677 0.293689
vn -0.704875 0.645677 0.293689
vn -0.704875 0.645677 0.293689
vn -0.980484 0.000000 0.196597
vn -0.980484 0.000000 0.196597
vn -0.980484 0.000000 0.196597
vn -0.983741 -0.035201 0.176107
vn -0.983741 -0.035201 0.176107
vn -0.983741 -0.035201 0.176107
vn -0.949969 -0.061198 0.306290
vn -0.949969 -0.061198 0.306290
vn -0.949969 -0.061198 0.306290
vn -0.894427 0.000000 0.447214
vn -0.894427 0.000000 0.447214
vn -0.894427 0.000000 0.447214
vn -0.949969 -0.061198 0.306290
vn -0.949969 -0.061198 0.306290
vn -0.949969 -0.061198 0.306290
vn -0.948723 0.000000 0.316108
vn -0.948723 0.000000 0.316108
vn -0.948723 0.000000 0.316108
vn 0.000000 -1.000000 0.000000
vn 0.000000 -1.000000 0.000000
vn 0.000000 -1.000000 0.000000
vn -0.830108 -0.069101 0.553305
vn -0.830108 -0.069101 0.553305
vn -0.830108 -0.069101 0.553305
vn -0.890898 -0.089000 0.445399
vn -0.890898 -0.089000 0.445399
vn -0.890898 -0.089000 0.445399
vn -0.880879 -0.058699 0.469689
vn -0.880879 -0.058699 0.469689
vn -0.880879 -0.058699 0.469689
vn -0.816730 0.407715 0.408315
vn -0.816730 0.407715 0.408315
vn -0.816730 0.407715 0.408315
vn -0.894427 0.000000 0.447214
vn -0.894427 0.000000 0.447214
vn -0.894427 0.000000 0.447214
vn -0.800084 0.000000 0.599888
vn -0.800084 0.000000 0.599888
vn -0.800084 0.000000 0.599888
vn 0.000000 1.000000 0.000000
vn 0.000000 1.000000 0.000000
vn 0.000000 1.000000 0.000000
vn -0.398377 0.796254 0.455274
vn -0.398377 0.796254 0.455274
vn -0.398377 0.796254 0.455274
vn -0.577783 0.576583 0.577683
vn -0.577783 0.576583 0.577683
vn -0.577783 0.576583 0.577683
vn -0.727948 0.484465 0.485165
vn -0.727948 0.484465 0.485165
vn -0.727948 0.484465 0.485165
vn -0.743095 0.370597 0.557196
vn -0.743095 0.370597 0.557196
vn -0.743095 0.370597 0.557196
vn -0.962128 0.192606 0.192906
vn -0.962128 0.192606 0.192906
vn -0.962128 0.192606 0.192906
vn -0.904734 0.301011 0.301411
vn -0.904734 0.301011 0.301411
vn -0.904734 0.301011 0.301411
vn -0.980484 0.000000 0.196597
vn -0.980484 0.000000 0.196597
vn -0.980484 0.000000 0.196597
vn 0.000000 -0.831912 -0.554908
vn 0.000000 -0.831912 -0.554908
vn 0.000000 -0.831912 -0.554908
vn 0.000000 1.000000 0.000000
vn 0.000000 1.000000 0.000000
vn 0.000000 1.000000 0.000000
vn 0.000000 1.000000 0.000000
vn 0.000000 1.000000 0.000000
vn 0.000000 1.000000 0.000000
vn 0.000000 1.000000 0.000000
vn 0.000000 1.000000 0.000000
vn 0.000000 1.000000 0.000000
vn 0.000000 1.000000 0.000000
vn 0.000000 1.000000 0.000000
vn 0.000000 1.000000 0.000000
vn -0.606877 0.084697 0.790270
vn -0.606877 0.084697 0.790270
vn -0.606877 0.084697 0.790270
vn -0.041701 -0.824714 0.564010
vn -0.041701 -0.824714 0.564010
vn -0.041701 -0.824714 0.564010
vn -0.072700 -0.167401 0.983205
vn -0.072700 -0.167401 0.983205
vn -0.072700 -0.167401 0.983205
vn 0.186498 -0.890690 -0.414595
vn 0.186498 -0.890690 -0.414595
vn 0.186498 -0.890690 -0.414595
vn -0.868822 -0.235906 -0.435311
vn -0.868822 -0.235906 -0.435311
vn -0.868822 -0.235906 -0.435311
vn 0.000000 -1.000000 0.000000
vn 0.000000 -1.000000 0.000000
vn 0.000000 -1.000000 0.000000
vn -0.438004 -0.894108 -0.093401
vn -0.438004 -0.894108 -0.093401
vn -0.438004 -0.894108 -0.093401
vn -0.553680 -0.785171 -0.277390
vn -0.553680 -0.785171 -0.277390
vn -0.553680 -0.785171 -0.277390
vn 0.000000 -1.000000 0.000000
vn 0.000000 -1.000000 0.000000
vn 0.000000 -1.000000 0.000000
vn 0.000000 1.000000 0.000000
vn 0.000000 1.000000 0.000000
vn 0.000000 1.000000 0.000000
vn -0.758885 0.123598 -0.639388
vn -0.758885 0.123598 -0.639388
vn -0.758885 0.123598 -0.639388
vn -0.251698 0.094399 -0.963191
vn -0.251698 0.094399 -0.963191
vn -0.251698 0.094399 -0.963191
vn -0.423398 -0.173399 -0.889195
vn -0.423398 -0.173399 -0.889195
vn -0.423398 -0.173399 -0.889195
vn 0.994489 -0.097599 0.038300
vn 0.994489 -0.097599 0.038300
vn 0.994489 -0.097599 0.038300
vn 0.656125 -0.584523 -0.477318
vn 0.656125 -0.584523 -0.477318
vn 0.656125 -0.584523 -0.477318
vn 0.996776 -0.007300 0.079898
vn 0.996776 -0.007300 0.079898
vn 0.996776 -0.007300 0.079898
vn 0.000000 1.000000 0.000000
vn 0.000000 1.000000 0.000000
vn 0.000000 1.000000 0.000000
vn 0.758895 0.123499 0.639396
vn 0.758895 0.123499 0.639396
vn 0.758895 0.123499 0.639396
vn 0.252698 -0.841794 0.476997
vn 0.252698 -0.841794 0.476997
vn 0.252698 -0.841794 0.476997
vn 0.463191 -0.144597 0.874383
vn 0.463191 -0.144597 0.874383
vn 0.463191 -0.144597 0.874383
vn 0.267808 -0.892226 0.363610
vn 0.267808 -0.892226 0.363610
vn 0.267808 -0.892226 0.363610
vn 0.476409 -0.819816 0.317706
vn 0.476409 -0.819816 0.317706
vn 0.476409 -0.819816 0.317706
vn 0.830912 -0.050501 0.554108
vn 0.830912 -0.050501 0.554108
vn 0.830912 -0.050501 0.554108
vn 0.000000 1.000000 0.000000
vn 0.000000 1.000000 0.000000
vn 0.000000 1.000000 0.000000
vn 0.543682 0.197293 -0.815773
vn 0.543682 0.197293 -0.815773
vn 0.543682 0.197293 -0.815773
vn 0.919025 -0.012200 -0.394011
vn 0.919025 -0.012200 -0.394011
vn 0.919025 -0.012200 -0.394011
vn 0.779806 -0.264702 -0.567305
vn 0.779806 -0.264702 -0.567305
vn 0.779806 -0.264702 -0.567305
vn -0.662774 -0.067497 0.745771
vn -0.662774 -0.067497 0.745771
vn -0.662774 -0.067497 0.745771
vn -0.763683 -0.628586 0.147197
vn -0.763683 -0.628586 0.147197
vn -0.763683 -0.628586 0.147197
vn -0.096797 -0.894975 0.435488
vn -0.096797 -0.894975 0.435488
vn -0.096797 -0.894975 0.435488
vn 0.000000 -1.000000 0.000000
vn 0.000000 -1.000000 0.000000
vn 0.000000 -1.000000 0.000000
vn -0.087799 -0.996084 0.010400
vn -0.087799 -0.996084 0.010400
vn -0.087799 -0.996084 0.010400
vn -0.406106 -0.857412 0.316105
vn -0.406106 -0.857412 0.316105
vn -0.406106 -0.857412 0.316105
vn -0.407501 -0.789701 0.458601
vn -0.407501 -0.789701 0.458601
vn -0.407501 -0.789701 0.458601
vn 0.000000 1.000000 0.000000
vn 0.000000 1.000000 0.000000
vn 0.000000 1.000000 0.000000
vn -0.990830 0.106303 -0.083403
vn -0.990830 0.106303 -0.083403
vn -0.990830 0.106303 -0.083403
vn -0.932502 -0.032500 0.359701
vn -0.932502 -0.032500 0.359701
vn -0.932502 -0.032500 0.359701
vn -0.954571 -0.234393 0.183994
vn -0.954571 -0.234393 0.183994
vn -0.954571 -0.234393 0.183994
vn 0.058598 -0.996560 -0.058598
vn 0.058598 -0.996560 -0.058598
vn 0.058598 -0.996560 -0.058598
vn 0.000000 -1.000000 0.000000
vn 0.000000 -1.000000 0.000000
vn 0.000000 -1.000000 0.000000
vn 0.484114 -0.866626 0.120804
vn 0.484114 -0.866626 0.120804
vn 0.484114 -0.866626 0.120804
vn 0.620582 -0.783777 0.023899
vn 0.620582 -0.783777 0.023899
vn 0.620582 -0.783777 0.023899
vn 0.488403 -0.864806 -0.116501
vn 0.488403 -0.864806 -0.116501
vn 0.488403 -0.864806 -0.116501
vn -0.053603 0.990350 0.127806
vn -0.053603 0.990350 0.127806
vn -0.053603 0.990350 0.127806
vn 0.000000 1.000000 0.000000
vn 0.000000 1.000000 0.000000
vn 0.000000 1.000000 0.000000
vn -0.043101 -0.099203 0.994133
vn -0.043101 -0.099203 0.994133
vn -0.043101 -0.099203 0.994133
vn 0.359804 -0.020100 0.932811
vn 0.359804 -0.020100 0.932811
vn 0.359804 -0.020100 0.932811
vn -0.061601 -0.989820 -0.128303
vn -0.061601 -0.989820 -0.128303
vn -0.061601 -0.989820 -0.128303
vn -0.359016 -0.856938 -0.369817
vn -0.359016 -0.856938 -0.369817
vn -0.359016 -0.856938 -0.369817
vn -0.328902 -0.643904 -0.690804
vn -0.328902 -0.643904 -0.690804
vn -0.328902 -0.643904 -0.690804
vn -0.021100 -0.839206 -0.543404
vn -0.021100 -0.839206 -0.543404
vn -0.021100 -0.839206 -0.543404
vn 0.125206 -0.034102 -0.991545
vn 0.125206 -0.034102 -0.991545
vn 0.125206 -0.034102 -0.991545
vn 0.349610 -0.095403 -0.932025
vn 0.349610 -0.095403 -0.932025
vn 0.349610 -0.095403 -0.932025
vn 0.173895 -0.868874 -0.463486
vn 0.173895 -0.868874 -0.463486
vn 0.173895 -0.868874 -0.463486
vn 0.000000 -0.091500 -0.995805
vn 0.000000 -0.091500 -0.995805
vn 0.000000 -0.091500 -0.995805
s off
g bowl:Mesh
f 14//1 26//2 27//3
f 4//4 3//5 5//6
f 6//7 3//8 7//9
f 4//10 5//11 8//12
f 5//13 3//14 9//15
f 6//16 5//17 9//18
f 3//19 6//20 9//21
f 6//22 7//23 10//24
f 5//25 6//26 11//27
f 8//28 5//29 11//30
f 8//31 11//32 12//33
f 3//34 4//35 13//36
f 7//37 3//38 13//39
f 11//40 6//41 14//42
f 13//43 8//44 16//45
f 15//46 12//47 19//48
f 10//49 17//50 19//51
f 17//52 15//53 19//54
f 4//55 8//56 20//57
f 13//58 4//59 20//60
f 8//61 13//62 20//63
f 12//64 11//65 21//66
f 2//67 19//68 21//69
f 19//70 12//71 21//72
f 10//73 7//74 22//75
f 7//76 15//77 22//78
f 17//79 10//80 22//81
f 15//82 17//83 22//84
f 6//85 10//86 23//87
f 14//88 6//89 23//90
f 10//91 18//92 23//93
f 18//94 14//95 23//96
f 7//97 13//98 24//99
f 16//100 7//101 24//102
f 13//103 16//104 24//105
f 8//106 12//107 25//108
f 15//109 7//110 25//111
f 12//112 15//113 25//114
f 7//115 16//116 25//117
f 16//118 8//119 25//120
f 18//121 10//122 26//123
f 14//124 18//125 26//126
f 19//127 2//128 26//129
f 10//130 19//131 26//132
f 11//133 14//134 27//135
f 21//136 11//137 27//138
f 2//139 21//140 27//141
f 26//142 2//143 27//144
f 37//145 40//146 47//147
f 31//148 32//149 34//150
f 29//151 33//152 35//153
f 29//154 32//155 36//156
f 33//157 29//158 36//159
f 32//160 33//161 36//162
f 31//163 34//164 37//165
f 34//166 35//167 37//168
f 35//169 33//170 38//171
f 31//172 30//173 39//174
f 32//175 31//176 39//177
f 33//178 32//179 39//180
f 30//181 33//182 39//183
f 32//184 29//185 42//186
f 29//187 34//188 42//189
f 34//190 32//191 42//192
f 34//193 29//194 43//195
f 29//196 35//197 43//198
f 35//199 34//200 43//201
f 37//202 35//203 44//204
f 35//205 38//206 44//207
f 40//208 37//209 44//210
f 38//211 40//212 44//213
f 33//214 30//215 45//216
f 38//217 33//218 45//219
f 41//220 38//221 45//222
f 30//223 41//224 45//225
f 30//226 40//227 46//228
f 40//229 38//230 46//231
f 38//232 41//233 46//234
f 41//235 30//236 46//237
f 30//238 31//239 47//240
f 31//241 37//242 47//243
f 40//244 30//245 47//246
f 69//247 67//248 74//249
f 50//250 51//251 52//252
f 51//253 50//254 54//255
f 52//256 53//257 56//258
f 53//259 52//260 57//261
f 53//262 57//263 58//264
f 51//265 54//266 58//267
f 54//268 53//269 58//270
f 54//271 50//272 59//273
f 53//274 54//275 60//276
f 56//277 53//278 60//279
f 50//280 52//281 61//282
f 56//283 60//284 62//285
f 54//286 59//287 63//288
f 60//289 54//290 63//291
f 57//292 51//293 64//294
f 58//295 57//296 64//297
f 51//298 58//299 64//300
f 52//301 56//302 65//303
f 62//304 49//305 66//306
f 63//307 59//308 66//309
f 49//310 63//311 66//312
f 62//313 66//314 67//315
f 59//316 50//317 68//318
f 55//319 59//320 68//321
f 50//322 61//323 68//324
f 61//325 55//326 68//327
f 56//328 62//329 69//330
f 65//331 56//332 69//333
f 62//334 67//335 69//336
f 52//337 51//338 70//339
f 51//340 57//341 70//342
f 57//343 52//344 70//345
f 49//346 62//347 71//348
f 62//349 60//350 71//351
f 63//352 49//353 71//354
f 60//355 63//356 71//357
f 61//358 52//359 72//360
f 52//361 65//362 72//363
f 65//364 61//365 72//366
f 55//367 61//368 73//369
f 61//370 65//371 73//372
f 65//373 69//374 73//375
f 69//376 55//377 73//378
f 59//379 55//380 74//381
f 66//382 59//383 74//384
f 67//385 66//386 74//387
f 55//388 69//389 74//390
f 92//391 88//392 98//393
f 78//394 77//395 80//396
f 79//397 80//398 82//399
f 80//400 77//401 82//402
f 79//403 82//404 83//405
f 80//406 81//407 84//408
f 79//409 83//410 85//411
f 84//412 81//413 86//414
f 85//415 76//416 86//417
f 81//418 85//419 86//420
f 83//421 82//422 88//423
f 77//424 78//425 89//426
f 78//427 84//428 89//429
f 84//430 87//431 89//432
f 88//433 77//434 89//435
f 80//436 79//437 90//438
f 79//439 81//440 90//441
f 81//442 80//443 90//444
f 81//445 79//446 91//447
f 85//448 81//449 91//450
f 79//451 85//452 91//453
f 87//454 76//455 92//456
f 83//457 88//458 92//459
f 78//460 80//461 93//462
f 84//463 78//464 93//465
f 80//466 84//467 93//468
f 82//469 77//470 94//471
f 77//472 88//473 94//474
f 88//475 82//476 94//477
f 86//478 76//479 95//480
f 76//481 87//482 95//483
f 76//484 85//485 96//486
f 85//487 83//488 96//489
f 92//490 76//491 96//492
f 83//493 92//494 96//495
f 84//496 86//497 97//498
f 87//499 84//500 97//501
f 86//502 95//503 97//504
f 95//505 87//506 97//507
f 89//508 87//509 98//510
f 88//511 89//512 98//513
f 87//514 92//515 98//516
f 113//517 122//518 126//519
f 102//520 101//521 103//522
f 102//523 103//524 106//525
f 105//526 104//527 107//528
f 106//529 103//530 108//531
f 103//532 101//533 109//534
f 101//535 104//536 109//537
f 104//538 105//539 109//540
f 101//541 102//542 110//543
f 107//544 104//545 110//546
f 105//547 107//548 111//549
f 100//550 108//551 111//552
f 108//553 103//554 111//555
f 102//556 106//557 112//558
f 106//559 108//560 115//561
f 105//562 103//563 116//564
f 103//565 109//566 116//567
f 109//568 105//569 116//570
f 102//571 112//572 117//573
f 112//574 114//575 117//576
f 117//577 114//578 118//579
f 110//580 102//581 118//582
f 107//583 110//584 118//585
f 114//586 107//587 118//588
f 102//589 117//590 118//591
f 104//592 101//593 119//594
f 101//595 110//596 119//597
f 110//598 104//599 119//600
f 114//601 112//602 120//603
f 100//604 111//605 121//606
f 111//607 107//608 121//609
f 107//610 113//611 121//612
f 113//613 100//614 121//615
f 112//616 106//617 122//618
f 106//619 115//620 122//621
f 120//622 112//623 122//624
f 103//625 105//626 123//627
f 111//628 103//629 123//630
f 105//631 111//632 123//633
f 108//634 100//635 124//636
f 100//637 115//638 124//639
f 115//640 108//641 124//642
f 113//643 107//644 125//645
f 107//646 114//647 125//648
f 114//649 120//650 125//651
f 122//652 113//653 125//654
f 120//655 122//656 125//657
f 100//658 113//659 126//660
f 115//661 100//662 126//663
f 122//664 115//665 126//666
f 135//667 141//668 149//669
f 130//670 129//671 133//672
f 130//673 133//674 134//675
f 129//676 132//677 135//678
f 134//679 133//680 136//681
f 132//682 134//683 137//684
f 133//685 129//686 138//687
f 131//688 133//689 138//690
f 129//691 135//692 138//693
f 129//694 130//695 139//696
f 132//697 129//698 139//699
f 134//700 132//701 139//702
f 134//703 136//704 140//705
f 141//706 135//707 142//708
f 137//709 128//710 142//711
f 135//712 137//713 142//714
f 128//715 140//716 142//717
f 130//718 134//719 143//720
f 139//721 130//722 143//723
f 134//724 139//725 143//726
f 128//727 137//728 144//729
f 137//730 134//731 144//732
f 140//733 128//734 144//735
f 134//736 140//737 144//738
f 140//739 136//740 145//741
f 131//742 141//743 145//744
f 135//745 132//746 146//747
f 132//748 137//749 146//750
f 137//751 135//752 146//753
f 133//754 131//755 147//756
f 136//757 133//758 147//759
f 131//760 145//761 147//762
f 145//763 136//764 147//765
f 141//766 142//767 148//768
f 142//769 140//770 148//771
f 140//772 145//773 148//774
f 145//775 141//776 148//777
f 131//778 138//779 149//780
f 138//781 135//782 149//783
f 141//784 131//785 149//786
f 155//787 169//788 173//789
f 153//790 152//791 154//792
f 151//793 153//794 156//795
f 153//796 154//797 156//798
f 156//799 154//800 157//801
f 154//802 152//803 157//804
f 153//805 151//806 158//807
f 151//808 156//809 159//810
f 156//811 157//812 159//813
f 157//814 152//815 160//816
f 160//817 152//818 161//819
f 158//820 155//821 161//822
f 159//823 157//824 163//825
f 157//826 160//827 163//828
f 152//829 153//830 164//831
f 153//832 158//833 164//834
f 158//835 161//836 164//837
f 151//838 159//839 165//840
f 159//841 163//842 165//843
f 161//844 152//845 166//846
f 152//847 164//848 166//849
f 164//850 161//851 166//852
f 163//853 160//854 167//855
f 158//856 151//857 168//858
f 155//859 162//860 169//861
f 167//862 160//863 169//864
f 162//865 167//866 169//867
f 162//868 151//869 170//870
f 151//871 165//872 170//873
f 165//874 163//875 170//876
f 167//877 162//878 170//879
f 163//880 167//881 170//882
f 155//883 158//884 171//885
f 162//886 155//887 171//888
f 158//889 168//890 171//891
f 168//892 162//893 171//894
f 151//895 162//896 172//897
f 168//898 151//899 172//900
f 162//901 168//902 172//903
f 160//904 161//905 173//906
f 161//907 155//908 173//909
f 169//910 160//911 173//912
f 196//913 189//914 201//915
f 179//916 178//917 180//918
f 181//919 179//920 182//921
f 179//922 180//923 182//924
f 180//925 178//926 183//927
f 176//928 177//929 184//930
f 178//931 179//932 184//933
f 179//934 181//935 184//936
f 182//937 180//938 185//939
f 180//940 183//941 185//942
f 181//943 182//944 186//945
f 183//946 178//947 187//948
f 184//949 177//950 187//951
f 178//952 184//953 187//954
f 186//955 175//956 188//957
f 181//958 186//959 188//960
f 188//961 175//962 190//963
f 176//964 184//965 191//966
f 184//967 181//968 191//969
f 188//970 190//971 192//972
f 175//973 186//974 193//975
f 186//976 185//977 193//978
f 190//979 175//980 193//981
f 182//982 185//983 194//984
f 186//985 182//986 194//987
f 185//988 186//989 194//990
f 187//991 177//992 195//993
f 183//994 187//995 195//996
f 189//997 183//998 195//999
f 177//1000 176//1001 196//1002
f 176//1003 191//1004 196//1005
f 191//1006 181//1007 196//1008
f 192//1009 189//1010 197//1011
f 196//1012 181//1013 197//1014
f 189//1015 196//1016 197//1017
f 181//1018 188//1019 198//1020
f 188//1021 192//1022 198//1023
f 197//1024 181//1025 198//1026
f 192//1027 197//1028 198//1029
f 183//1030 189//1031 199//1032
f 189//1033 192//1034 199//1035
f 192//1036 190//1037 199//1038
f 185//1039 183//1040 200//1041
f 193//1042 185//1043 200//1044
f 190//1045 193//1046 200//1047
f 183//1048 199//1049 200//1050
f 199//1051 190//1052 200//1053
f 195//1054 177//1055 201//1056
f 189//1057 195//1058 201//1059
f 177//1060 196//1061 201//1062
f 206//1063 222//1064 234//1065
f 205//1066 204//1067 209//1068
f 205//1069 209//1070 210//1071
f 210//1072 209//1073 213//1074
f 213//1075 209//1076 215//1077
f 203//1078 215//1079 216//1080
f 216//1081 211//1082 217//1083
f 203//1084 216//1085 217//1086
f 212//1087 206//1088 218//1089
f 209//1090 214//1091 219//1092
f 206//1093 211//1094 220//1095
f 208//1096 219//1097 220//1098
f 219//1099 214//1100 220//1101
f 211//1102 206//1103 221//1104
f 209//1105 204//1106 223//1107
f 214//1108 209//1109 223//1110
f 204//1111 222//1112 223//1113
f 222//1114 214//1115 223//1116
f 210//1117 207//1118 224//1119
f 212//1120 218//1121 224//1122
f 207//1123 210//1124 225//1125
f 210//1126 213//1127 225//1128
f 225//1129 213//1130 226//1131
f 217//1132 211//1133 226//1134
f 213//1135 217//1136 226//1137
f 211//1138 221//1139 226//1140
f 221//1141 207//1142 226//1143
f 207//1144 225//1145 226//1146
f 205//1147 210//1148 227//1149
f 218//1150 205//1151 227//1152
f 210//1153 224//1154 227//1155
f 224//1156 218//1157 227//1158
f 216//1159 215//1160 228//1161
f 219//1162 208//1163 228//1164
f 211//1165 216//1166 229//1167
f 220//1168 211//1169 229//1170
f 208//1171 220//1172 229//1173
f 228//1174 208//1175 229//1176
f 216//1177 228//1178 229//1179
f 215//1180 209//1181 230//1182
f 209//1183 219//1184 230//1185
f 228//1186 215//1187 230//1188
f 219//1189 228//1190 230//1191
f 206//1192 212//1193 231//1194
f 221//1195 206//1196 231//1197
f 207//1198 221//1199 231//1200
f 224//1201 207//1202 231//1203
f 212//1204 224//1205 231//1206
f 215//1207 203//1208 232//1209
f 213//1210 215//1211 232//1212
f 203//1213 217//1214 232//1215
f 217//1216 213//1217 232//1218
f 206//1219 220//1220 233//1221
f 220//1222 214//1223 233//1224
f 214//1225 222//1226 233//1227
f 222//1228 206//1229 233//1230
f 204//1231 205//1232 234//1233
f 205//1234 218//1235 234//1236
f 218//1237 206//1238 234//1239
f 222//1240 204//1241 234//1242
